65
NULL 0 Common 0
Joined 7 0,255,0,255,0,0,0,0,0,0 Latin 1 0 1 Joined	# Joined [4a 6f 69 6e 65 64 ]a
|Broken|0|1 f 0,255,0,255,0,0,0,0,0,0 Common 2 10 2 |Broken|0|1	# Broken
v 3 0,255,0,255,0,0,0,0,0,0 Latin 48 0 3 v	# v [76 ]a
F 5 0,255,0,255,0,0,0,0,0,0 Latin 36 0 4 F	# F [46 ]A
X 5 0,255,0,255,0,0,0,0,0,0 Latin 50 0 5 X	# X [58 ]A
Z 5 0,255,0,255,0,0,0,0,0,0 Latin 51 0 6 Z	# Z [5a ]A
t 3 0,255,0,255,0,0,0,0,0,0 Latin 42 0 7 t	# t [74 ]a
Y 5 0,255,0,255,0,0,0,0,0,0 Latin 29 0 8 Y	# Y [59 ]A
j 3 0,255,0,255,0,0,0,0,0,0 Latin 12 0 9 j	# j [6a ]a
B 5 0,255,0,255,0,0,0,0,0,0 Latin 31 0 10 B	# B [42 ]A
g 3 0,255,0,255,0,0,0,0,0,0 Latin 56 0 11 g	# g [67 ]a
J 5 0,255,0,255,0,0,0,0,0,0 Latin 9 0 12 J	# J [4a ]A
E 5 0,255,0,255,0,0,0,0,0,0 Latin 55 0 13 E	# E [45 ]A
R 5 0,255,0,255,0,0,0,0,0,0 Latin 16 0 14 R	# R [52 ]A
p 3 0,255,0,255,0,0,0,0,0,0 Latin 62 0 15 p	# p [70 ]a
r 3 0,255,0,255,0,0,0,0,0,0 Latin 14 0 16 r	# r [72 ]a
1 8 0,255,0,255,0,0,0,0,0,0 Common 17 2 17 1	# 1 [31 ]0
w 3 0,255,0,255,0,0,0,0,0,0 Latin 52 0 18 w	# w [77 ]a
k 3 0,255,0,255,0,0,0,0,0,0 Latin 46 0 19 k	# k [6b ]a
s 3 0,255,0,255,0,0,0,0,0,0 Latin 63 0 20 s	# s [73 ]a
7 8 0,255,0,255,0,0,0,0,0,0 Common 21 2 21 7	# 7 [37 ]0
4 8 0,255,0,255,0,0,0,0,0,0 Common 22 2 22 4	# 4 [34 ]0
H 5 0,255,0,255,0,0,0,0,0,0 Latin 39 0 23 H	# H [48 ]A
M 5 0,255,0,255,0,0,0,0,0,0 Latin 43 0 24 M	# M [4d ]A
a 3 0,255,0,255,0,0,0,0,0,0 Latin 57 0 25 a	# a [61 ]a
I 5 0,255,0,255,0,0,0,0,0,0 Latin 30 0 26 I	# I [49 ]A
3 8 0,255,0,255,0,0,0,0,0,0 Common 27 2 27 3	# 3 [33 ]0
Q 5 0,255,0,255,0,0,0,0,0,0 Latin 37 0 28 Q	# Q [51 ]A
y 3 0,255,0,255,0,0,0,0,0,0 Latin 8 0 29 y	# y [79 ]a
i 3 0,255,0,255,0,0,0,0,0,0 Latin 26 0 30 i	# i [69 ]a
b 3 0,255,0,255,0,0,0,0,0,0 Latin 10 0 31 b	# b [62 ]a
5 8 0,255,0,255,0,0,0,0,0,0 Common 32 2 32 5	# 5 [35 ]0
2 8 0,255,0,255,0,0,0,0,0,0 Common 33 2 33 2	# 2 [32 ]0
c 3 0,255,0,255,0,0,0,0,0,0 Latin 45 0 34 c	# c [63 ]a
L 5 0,255,0,255,0,0,0,0,0,0 Latin 54 0 35 L	# L [4c ]A
f 3 0,255,0,255,0,0,0,0,0,0 Latin 4 0 36 f	# f [66 ]a
q 3 0,255,0,255,0,0,0,0,0,0 Latin 28 0 37 q	# q [71 ]a
9 8 0,255,0,255,0,0,0,0,0,0 Common 38 2 38 9	# 9 [39 ]0
h 3 0,255,0,255,0,0,0,0,0,0 Latin 23 0 39 h	# h [68 ]a
8 8 0,255,0,255,0,0,0,0,0,0 Common 40 2 40 8	# 8 [38 ]0
N 5 0,255,0,255,0,0,0,0,0,0 Latin 53 0 41 N	# N [4e ]A
T 5 0,255,0,255,0,0,0,0,0,0 Latin 7 0 42 T	# T [54 ]A
m 3 0,255,0,255,0,0,0,0,0,0 Latin 24 0 43 m	# m [6d ]a
6 8 0,255,0,255,0,0,0,0,0,0 Common 44 2 44 6	# 6 [36 ]0
C 5 0,255,0,255,0,0,0,0,0,0 Latin 34 0 45 C	# C [43 ]A
K 5 0,255,0,255,0,0,0,0,0,0 Latin 19 0 46 K	# K [4b ]A
D 5 0,255,0,255,0,0,0,0,0,0 Latin 49 0 47 D	# D [44 ]A
V 5 0,255,0,255,0,0,0,0,0,0 Latin 3 0 48 V	# V [56 ]A
d 3 0,255,0,255,0,0,0,0,0,0 Latin 47 0 49 d	# d [64 ]a
x 3 0,255,0,255,0,0,0,0,0,0 Latin 5 0 50 x	# x [78 ]a
z 3 0,255,0,255,0,0,0,0,0,0 Latin 6 0 51 z	# z [7a ]a
W 5 0,255,0,255,0,0,0,0,0,0 Latin 18 0 52 W	# W [57 ]A
n 3 0,255,0,255,0,0,0,0,0,0 Latin 41 0 53 n	# n [6e ]a
l 3 0,255,0,255,0,0,0,0,0,0 Latin 35 0 54 l	# l [6c ]a
e 3 0,255,0,255,0,0,0,0,0,0 Latin 13 0 55 e	# e [65 ]a
G 5 0,255,0,255,0,0,0,0,0,0 Latin 11 0 56 G	# G [47 ]A
A 5 0,255,0,255,0,0,0,0,0,0 Latin 25 0 57 A	# A [41 ]A
0 8 0,255,0,255,0,0,0,0,0,0 Common 58 2 58 0	# 0 [30 ]0
o 3 0,255,0,255,0,0,0,0,0,0 Latin 61 0 59 o	# o [6f ]a
u 3 0,255,0,255,0,0,0,0,0,0 Latin 64 0 60 u	# u [75 ]a
O 5 0,255,0,255,0,0,0,0,0,0 Latin 59 0 61 O	# O [4f ]A
P 5 0,255,0,255,0,0,0,0,0,0 Latin 15 0 62 P	# P [50 ]A
S 5 0,255,0,255,0,0,0,0,0,0 Latin 20 0 63 S	# S [53 ]A
U 5 0,255,0,255,0,0,0,0,0,0 Latin 60 0 64 U	# U [55 ]A
